% BestResultFound.m
%
% By: Nicholas Granlund
% Date: Oct 2023

bestPath = [28	34	42	48	33	38	45	27	39	44	40	36	49	37	30	47	46	41	35	43	31	26	25	32	50	29	20	8	16	21	7	19	11	3	6	15	12	2	14	22	17	24	23	4	9	10	13	1	5	18];

